Chelsea Greenlow 0537289096 11 8 65 53 56 60 55 76 50 50 85 74
Alessandra Frisch 0599975653 3 10 81 67 96 59 85 85 66 70 75 73
Demarcus Oberdorf 0531097262 9 1 97 50 56 97 71 73 56 100 77 94
Bobette Squires 0570983570 1 1 63 68 57 92 71 66 73 95 76 77
Sigrid Schaffter 0588962711 10 2 89 86 100 69 60 81 74 94 87 75
Dinorah Wonderly 0560344096 9 9 97 64 82 89 99 92 75 84 72 63
Kirby Lomago 0527563223 10 4 72 85 74 84 79 56 56 86 70 89
Byron Force 0510244433 6 2 75 68 86 96 67 68 100 64 65 99
Trudi Felsenthal 0566998379 7 6 61 65 72 80 98 72 75 62 56 53
Raphael Rioseco 0582725880 4 7 84 94 72 76 71 95 99 79 99 87
Pennie Elbaum 0537063083 5 9 74 58 87 95 86 64 63 83 91 65
Myrtice Finnila 0534831816 6 7 66 69 52 50 77 90 53 80 77 95
Jolynn Bagozzi 0548365229 7 3 86 97 74 58 80 87 68 70 56 58
Latonya Rossotto 0517472096 3 9 55 100 62 92 72 89 68 65 64 67
Jacinto Paff 0581945851 6 5 66 96 65 63 81 83 70 70 87 52
Matthew Oland 0556503045 6 9 91 87 82 67 71 98 56 74 98 98
Kyle Shomer 0547776564 8 2 64 93 66 93 79 54 55 52 74 71
Tova Carpentieri 0550250654 12 7 67 77 71 92 59 58 76 89 78 85
Rolland Kinkin 0533970407 5 9 95 79 89 88 81 61 52 62 74 58
Geraldine Pihlaja 0568058974 12 8 80 96 100 71 87 79 97 95 77 54
Malvina Laufer 0562063597 5 1 59 64 87 58 67 75 56 67 87 76
Magali Furnari 0533032215 8 1 59 83 76 84 74 85 64 97 73 50
